%YAML:1.0

#--------------------------------------------------------------------------------------------
# System config
#--------------------------------------------------------------------------------------------

# When the variables are commented, the system doesn't load a previous session or not store the current one

# If the LoadFile doesn't exist, the system give a message and create a new Atlas from scratch
#System.LoadAtlasFromFile: "Session_MH01_MH02_MH03_Stereo60_Pseudo"

# The store file is created from the current session, if a file with the same name exists it is deleted
#System.SaveAtlasToFile: "Session_MH01_MH02_MH03_Stereo60_Pseudo"

#--------------------------------------------------------------------------------------------
# Camera Parameters. Adjust them!
#--------------------------------------------------------------------------------------------
File.version: "1.0"

Camera.type: "PinHole"

# Camera calibration and distortion parameters (OpenCV) 
Camera1.fx: 455.77496337890625 # 458.654
Camera1.fy: 456.319091796875 # 457.296
Camera1.cx: 497.1180114746094
Camera1.cy: 251.58502197265625

Camera1.k1: -0.03597196191549301
Camera1.k2: 0.08101943135261536
Camera1.p1: -0.00028405245393514633
Camera1.p2: 0.0011874435003846884
Camera1.k3: -0.03709280863404274


Camera2.fx: 454.614990234375 # 458.654
Camera2.fy: 455.0911865234375 # 457.296
Camera2.cx: 509.3581848144531
Camera2.cy: 243.64178466796875

Camera2.k1: -0.03452092036604881
Camera2.k2: 0.077264204621315
Camera2.p1: 0.00067000841954723
Camera2.p2: 0.002273165388032794
Camera2.k3: -0.03449925407767296

Camera.width: 1024
Camera.height: 544

# Camera frames per second 
Camera.fps: 10

# Color order of the images (0: BGR, 1: RGB. It is ignored if images are grayscale)
Camera.RGB: 1

Stereo.ThDepth: 30.0 # 30 works best so far
Stereo.T_c1_c2: !!opencv-matrix
  rows: 4
  cols: 4
  dt: f
  data: [1.000000000000000,0.000000000000000,-0.000000000000000, 0.2204,
         0.000000000000000,1.000000000000000,-0.000000000000000, 0.000000000000000,
         0.000000000000000,0.000000000000000,1.000000000000000,0.000000000000000,
         0,0,0,1.000000000000000]

#--------------------------------------------------------------------------------------------
# ORB Parameters
#--------------------------------------------------------------------------------------------

# ORB Extractor: Number of features per image
ORBextractor.nFeatures: 5000

# ORB Extractor: Scale factor between levels in the scale pyramid 	
ORBextractor.scaleFactor: 1.2

# ORB Extractor: Number of levels in the scale pyramid	
ORBextractor.nLevels: 8

# ORB Extractor: Fast threshold
# Image is divided in a grid. At each cell FAST are extracted imposing a minimum response.
# Firstly we impose iniThFAST. If no corners are detected we impose a lower value minThFAST
# You can lower these values if your images have low contrast			
ORBextractor.iniThFAST: 20 # 20 seems to work well
ORBextractor.minThFAST: 7

#--------------------------------------------------------------------------------------------
# Viewer Parameters
#--------------------------------------------------------------------------------------------
Viewer.KeyFrameSize: 0.05
Viewer.KeyFrameLineWidth: 1.0
Viewer.GraphLineWidth: 0.9
Viewer.PointSize: 2.0
Viewer.CameraSize: 0.08
Viewer.CameraLineWidth: 3.0
Viewer.ViewpointX: 0.0
Viewer.ViewpointY: -0.7
Viewer.ViewpointZ: -1.8
Viewer.ViewpointF: 500.0
Viewer.imageViewScale: 1.0

